AT1G01120.1	0	0	1	0
AT4G14240.1	0	0	0	0
AT1G04950.3	1	1	0	0
AT1G05500.1	1	0	1	1
AT1G06210.1	0	0	0	0
AT1G06550.1	0	0	1	1
AT1G08190.1	0	0	0	0
AT1G08560.1	0	0	0	1
AT1G08640.1	0	0	0	0
AT1G08700.1	0	0	0	0
AT1G54690.1	0	0	0	0
AT1G09020.1	0	0	0	1
AT1G09520.1	1	0	0	0
AT1G10020.1	0	0	0	0
AT1G10090.1	0	0	0	0
AT1G10385.1	0	0	0	0
AT1G12840.1	0	0	0	1
AT1G13340.1	0	0	0	0
AT1G13690.1	0	0	0	1
AT1G14040.1	0	0	0	0
AT1G14460.1	0	0	0	0
AT1G14510.1	0	0	0	0
AT1G14710.2	0	0	0	0
AT1G14850.1	0	0	0	0
AT1G14970.1	1	0	0	0
AT1G15080.1	0	0	0	0
AT1G15130.1	0	0	0	0
AT1G16800.1	0	0	0	0
AT1G16970.1	0	0	0	0
AT1G18150.3	0	0	0	0
AT1G18740.1	0	0	1	0
AT1G20850.1	0	0	0	0
AT1G21700.1	0	0	0	1
AT1G22160.1	0	0	0	0
AT1G22800.1	0	0	0	0
AT1G23870.1	0	0	0	0
AT1G24460.1	0	0	0	0
AT1G25570.1	1	0	0	0
AT1G26120.1	0	0	0	0
AT1G26270.1	0	0	0	0
AT1G27390.1	0	0	0	0
AT1G27980.1	0	1	0	0
AT1G30320.1	0	0	0	1
AT1G30480.1	0	0	0	0
AT1G30630.1	0	0	0	0
AT1G31480.1	0	0	0	1
AT1G31730.1	0	0	0	0
AT1G32090.1	0	0	0	0
AT1G32360.1	0	0	0	0
AT1G32490.1	0	0	0	0
AT1G36730.1	0	0	0	0
AT1G47200.1	1	0	0	0
AT5G42790.1	0	0	0	0
AT1G47610.1	0	0	0	0
AT1G48050.1	0	0	0	0
AT1G48120.1	1	0	0	0
AT1G48240.1	0	0	0	0
AT5G54900.1	0	0	0	0
AT1G51710.1	0	0	0	0
AT1G51745.1	1	0	0	0
AT1G52040.1	0	0	0	0
AT1G52190.1	0	1	0	0
AT1G53240.1	0	0	0	0
AT1G53300.1	0	0	0	0
AT1G53310.3	0	0	0	0
AT1G65930.1	1	0	0	0
AT1G54410.1	1	0	0	0
AT1G56290.1	0	0	0	1
AT1G58070.1	0	0	0	0
AT1G59359.1	0	0	0	0
AT1G58420.1	1	0	1	0
AT1G59710.1	0	0	0	1
AT1G61720.1	0	0	0	1
AT1G62430.1	0	0	0	0
AT1G65030.1	0	0	0	0
AT1G66680.1	0	0	0	0
AT1G67090.1	0	0	0	0
AT1G67120.1	1	0	0	0
AT1G67360.2	0	0	0	0
AT1G67630.1	0	0	0	0
AT1G68830.1	0	0	0	0
AT1G69200.1	0	0	0	0
AT1G69770.1	0	0	0	0
AT1G71080.1	0	0	0	0
AT1G71350.1	0	0	0	0
AT1G71900.1	0	0	0	1
AT1G72090.1	0	0	0	0
AT1G72110.1	1	1	0	0
AT1G73450.1	0	0	1	0
AT1G73670.1	0	0	1	0
AT1G74030.1	0	0	0	0
AT1G74250.1	1	0	0	0
AT1G76260.1	0	1	0	0
AT1G76810.1	1	0	0	0
AT1G77120.1	0	0	0	1
AT1G77760.1	0	0	1	1
AT1G77840.1	0	0	0	0
AT1G78430.1	0	0	0	0
AT1G79350.1	0	0	0	0
AT1G79530.1	0	0	0	0
AT1G80950.1	0	0	0	0
AT2G01140.1	0	0	0	1
AT2G01600.1	0	0	0	0
AT2G05830.1	0	0	0	1
AT2G05940.1	1	0	1	0
AT2G16070.2	0	0	0	0
AT2G16650.1	0	0	0	0
AT2G17900.1	1	0	0	0
AT2G17930.1	0	0	0	0
AT2G18040.1	0	0	0	0
AT2G18090.1	0	0	0	0
AT2G18730.1	0	0	0	0
AT2G19330.1	0	0	0	0
AT2G19385.1	1	0	0	0
AT2G20280.1	0	0	0	0
AT2G21060.1	0	0	1	0
AT2G22400.1	0	0	0	0
AT2G23350.1	0	0	0	0
AT2G24050.1	0	0	0	0
AT2G24640.1	0	0	0	0
AT2G25480.1	0	0	0	0
AT2G25920.1	1	0	0	0
AT2G25930.1	0	0	0	0
AT2G26180.1	0	0	1	0
AT2G27040.2	0	0	0	0
AT2G27140.1	0	0	0	0
AT2G27600.1	0	1	0	0
AT2G30110.1	0	0	0	0
AT2G31570.1	0	0	0	0
AT2G31670.1	0	1	0	0
AT2G33540.1	1	0	0	0
AT2G33610.1	0	0	0	0
AT2G33730.1	0	0	0	0
AT2G35630.1	1	0	0	0
AT2G36160.1	0	0	0	0
AT2G36460.1	0	0	0	1
AT2G36680.1	1	0	1	0
AT2G37270.2	0	0	0	0
AT2G37600.2	0	0	0	0
AT2G37840.1	0	0	0	0
AT2G38770.1	0	0	0	0
AT2G39580.1	0	0	0	0
AT2G40110.1	0	0	0	0
AT2G41410.1	0	0	0	0
AT2G41620.1	0	0	0	0
AT2G42070.1	0	0	0	0
AT2G42580.1	0	1	0	0
AT2G42780.1	0	0	0	0
AT2G42880.1	1	1	0	0
AT2G43130.1	0	0	0	1
AT2G43370.1	0	0	0	0
AT2G43900.1	0	0	0	0
AT2G44160.1	0	0	0	1
AT2G44950.1	0	0	0	0
AT2G45310.1	1	1	0	0
AT2G45980.1	0	0	0	0
AT2G46250.1	0	0	0	0
AT2G47790.1	0	0	0	0
AT2G47970.1	0	0	0	0
AT2G47980.1	0	1	0	0
AT2G48160.1	0	0	0	0
AT3G01160.1	0	0	0	1
AT3G01670.1	1	0	1	0
AT3G01800.1	0	0	0	0
AT3G03740.1	0	0	0	0
AT3G03940.1	1	0	0	0
AT3G04240.1	0	0	0	1
AT3G04570.1	1	0	0	0
AT3G05070.1	0	0	0	0
AT3G05470.1	0	0	0	0
AT3G06910.1	0	0	0	0
AT3G07220.1	0	0	0	0
AT3G07420.1	1	0	1	0
AT3G07880.1	0	0	0	0
AT3G09350.1	0	0	0	1
AT3G09500.1	1	0	0	0
AT3G10180.1	0	0	1	0
AT3G10400.1	0	0	0	0
AT3G10550.1	0	0	0	0
AT3G10850.1	0	0	0	0
AT3G11510.1	0	0	0	0
AT3G11540.1	0	0	0	0
AT3G11670.1	1	0	0	0
AT3G13224.2	0	0	0	0
AT3G13225.2	0	0	0	0
AT3G13670.1	0	0	0	0
AT3G13960.1	0	0	0	1
AT3G14090.1	0	0	0	0
AT3G14100.1	0	0	0	0
AT3G14205.1	1	0	1	0
AT3G15640.1	0	0	0	0
AT3G16620.1	0	0	0	0
AT4G15900.1	0	0	0	0
AT3G16720.1	0	0	1	0
AT3G17750.1	0	0	0	0
AT3G17880.1	1	0	0	0
AT3G18230.1	0	0	0	0
AT3G18260.1	0	0	0	0
AT3G18440.1	0	0	0	0
AT3G18630.1	1	0	0	0
AT3G18690.1	0	0	0	0
AT3G19050.1	0	0	0	1
AT3G19540.1	0	0	0	0
AT3G19720.1	0	0	0	0
AT3G20390.1	0	0	0	0
AT3G20550.1	0	0	0	0
AT3G20910.1	0	0	0	1
AT3G21670.1	1	0	1	1
AT3G22170.2	0	1	1	0
AT3G22180.1	0	0	0	0
AT3G23820.1	0	0	1	0
AT3G23980.1	0	0	0	0
AT3G26740.1	1	1	0	0
AT3G27080.1	0	0	0	0
AT3G28050.1	1	0	1	1
AT3G29075.1	0	0	0	0
AT3G29400.1	0	0	0	0
AT3G42170.1	0	0	0	0
AT3G42660.1	0	0	0	0
AT3G42850.1	0	0	0	0
AT3G44110.1	0	0	0	0
AT3G44460.1	0	0	0	0
AT3G44820.1	1	0	0	0
AT3G45770.1	0	0	0	0
AT3G46510.1	0	0	0	0
AT3G48210.1	0	0	0	0
AT3G48425.1	0	0	0	0
AT3G48540.1	0	0	0	0
AT3G48680.1	0	0	0	0
AT3G49140.1	0	0	0	0
AT5G24430.1	0	0	0	0
AT3G51120.1	0	0	0	0
AT3G52400.1	0	0	1	0
AT3G53030.1	0	0	0	0
AT3G54170.1	0	0	0	0
AT3G54280.2	0	0	0	0
AT3G54610.1	0	0	0	1
AT3G55110.1	1	0	0	0
AT3G55120.1	0	0	0	0
AT3G55940.1	0	0	0	0
AT3G55980.1	0	0	0	0
AT3G56690.1	0	0	0	0
AT3G56740.1	0	0	0	0
AT3G56760.1	1	0	0	0
AT3G56990.1	0	0	0	0
AT3G58570.1	0	0	0	0
AT3G58620.1	0	0	0	0
AT3G58730.1	0	0	0	0
AT3G60190.1	0	0	0	0
AT3G60370.1	0	0	0	0
AT3G60840.1	0	1	0	0
AT3G61110.1	0	0	0	0
AT3G61130.1	0	0	0	0
AT3G63000.1	0	1	0	0
AT3G63130.2	0	0	0	1
AT3G63300.1	0	0	0	0
AT4G00720.1	0	0	0	0
AT4G01050.1	0	0	0	0
AT5G49190.1	1	0	0	0
AT4G02720.1	1	0	0	0
AT4G02940.1	1	0	0	0
AT4G05220.1	0	0	0	0
AT4G08480.1	0	0	0	0
AT4G08500.1	1	0	0	0
AT4G09250.1	0	0	0	1
AT4G10760.1	1	0	0	0
AT4G11260.1	0	0	0	0
AT4G11660.1	0	0	0	0
AT4G11680.1	0	0	0	0
AT4G12080.1	0	0	1	0
AT4G12800.1	1	0	0	0
AT4G14465.1	0	0	0	1
AT4G15790.1	0	0	0	0
AT4G16280.2	1	0	0	0
AT4G16660.1	0	0	0	1
AT4G16720.1	0	0	0	0
AT4G16780.1	0	1	1	0
AT4G18130.1	0	0	0	0
AT4G19490.2	0	0	0	0
AT4G19600.1	0	0	0	0
AT4G19610.1	0	0	0	0
AT4G20330.1	1	0	0	0
AT4G20780.1	0	0	1	0
AT4G21270.1	0	0	0	0
AT4G23040.1	0	0	0	0
AT4G23850.1	0	0	0	0
AT4G24620.1	0	0	0	0
AT4G24690.1	0	0	1	0
AT4G25340.1	0	0	0	1
AT4G25730.1	1	0	0	0
AT4G25740.1	0	0	0	0
AT4G26870.1	0	0	0	0
AT4G27450.1	0	0	0	0
AT4G27780.1	0	0	0	0
AT4G28200.1	1	0	0	0
AT4G28230.1	0	0	0	0
AT4G28470.1	0	0	0	0
AT4G29130.1	0	0	0	0
AT4G29220.1	0	0	0	0
AT4G29940.1	0	0	0	0
AT4G31540.1	0	0	0	1
AT4G32030.1	0	0	0	0
AT4G33060.1	0	0	0	0
AT4G33200.1	0	0	0	0
AT4G33210.1	0	0	0	0
AT4G34050.1	0	0	0	1
AT4G34110.1	0	0	0	0
AT4G34450.1	0	0	0	1
AT4G34500.1	0	0	1	1
AT4G37040.1	0	0	0	0
AT4G37210.1	0	0	0	0
AT4G37740.1	0	0	0	1
AT4G37870.1	0	0	0	1
AT4G38500.1	0	1	0	0
AT4G38970.1	1	0	0	0
AT4G39280.2	0	0	0	0
AT5G02490.1	0	0	0	0
AT5G02850.1	1	0	0	0
AT5G03740.1	1	0	0	1
AT5G06140.1	0	0	0	0
AT5G06660.1	0	0	0	0
AT5G07270.1	0	0	0	1
AT5G07460.1	0	0	0	0
AT5G08050.1	1	0	1	1
AT5G08180.2	0	0	0	0
AT5G09250.1	0	0	0	0
AT5G10950.1	1	0	0	0
AT5G11260.1	0	0	0	0
AT5G11390.1	0	1	0	0
AT5G11980.1	0	0	0	0
AT5G12180.1	0	0	0	0
AT5G12400.1	0	0	0	0
AT5G13000.1	0	0	0	0
AT5G13160.1	1	0	1	0
AT5G13680.1	0	1	0	0
AT5G13960.1	1	0	0	0
AT5G14240.1	1	0	0	0
AT5G14460.1	1	0	0	0
AT5G15490.1	1	1	1	0
AT5G16260.1	0	1	0	0
AT5G16720.1	1	1	0	0
AT5G16820.2	1	0	0	0
AT5G17420.1	0	0	0	1
AT5G19010.1	0	0	0	0
AT5G19450.2	0	0	1	0
AT5G20170.1	1	0	0	0
AT5G20290.1	0	0	0	0
AT5G20890.1	0	0	0	0
AT5G20900.1	1	0	0	1
AT5G20990.1	0	0	0	1
AT5G22010.1	0	0	0	0
AT5G23080.1	0	0	0	0
AT5G25510.1	0	0	0	0
AT5G27000.1	1	0	0	0
AT5G35910.1	1	0	0	0
AT5G36250.1	0	0	0	0
AT5G38420.1	1	0	1	0
AT5G38560.1	0	0	0	0
AT5G39990.1	0	0	0	0
AT5G40420.1	1	0	0	0
AT5G40870.1	1	0	0	0
AT5G41940.1	0	0	0	1
AT5G41970.1	0	0	0	0
AT5G42020.1	0	0	0	0
AT5G42570.1	0	0	0	0
AT5G42920.2	0	0	0	0
AT5G43070.1	1	0	0	0
AT5G43720.1	0	0	0	0
AT5G45400.1	0	0	0	0
AT5G46020.1	0	0	0	0
AT5G46180.1	0	0	1	0
AT5G46210.1	0	0	0	0
AT5G46860.1	0	0	0	0
AT5G47820.2	0	0	0	0
AT5G47930.1	0	0	0	0
AT5G48650.1	0	0	0	1
AT5G48810.1	0	0	0	0
AT5G49160.1	0	0	0	0
AT5G52640.1	0	0	0	0
AT5G52920.1	0	0	0	0
AT5G54270.1	1	0	0	0
AT5G54910.1	0	0	0	0
AT5G55310.1	0	0	0	1
AT5G56210.1	0	0	0	0
AT5G56290.1	0	0	0	0
AT5G56360.1	0	0	0	0
AT5G57210.1	0	0	1	0
AT5G58730.1	0	0	0	0
AT5G61380.1	0	0	0	1
AT5G61790.1	1	0	0	1
AT5G61910.4	0	0	0	0
AT5G62190.1	1	0	0	0
AT5G62810.1	0	0	0	0
AT5G63310.1	0	0	0	0
AT5G63420.1	0	0	0	0
AT5G63860.1	0	0	0	0
AT5G64070.1	0	0	0	0
AT5G66010.1	1	0	0	0
AT5G67220.1	0	0	0	0
AT5G67280.1	0	0	0	0
ATCG00480.1	1	1	0	1
AT1G08130.1	0	0	0	0
AT1G09770.1	0	0	0	0
AT1G12270.1	0	0	0	1
AT1G20200.1	1	0	0	0
AT1G42470.1	0	0	0	0
AT1G48620.1	0	0	0	0
AT1G50250.1	1	0	0	0
AT1G60640.2	0	0	0	0
AT1G66670.1	0	0	0	0
AT1G70830.1	0	0	0	0
AT1G72730.1	1	0	0	0
AT2G06990.1	0	0	0	0
AT4G26230.1	1	0	0	1
AT2G22125.1	0	0	0	0
AT2G25970.1	0	0	0	0
AT2G26460.1	0	0	0	0
AT2G26870.1	0	0	0	0
AT2G29070.2	0	0	0	0
AT2G29125.1	0	0	0	0
AT2G34650.1	0	0	0	0
AT2G35940.3	0	0	0	1
AT2G37190.1	0	0	0	0
AT2G40510.1	0	0	0	0
AT2G43800.1	0	0	0	0
AT2G43970.1	0	0	0	0
AT3G05020.1	0	0	0	0
AT3G08940.2	1	0	0	0
AT3G09740.1	1	0	0	0
AT3G10680.1	0	0	1	1
AT3G11130.1	0	0	0	0
AT3G11450.1	0	0	0	0
AT3G13200.1	0	0	0	0
AT3G14790.1	1	0	0	0
AT3G19950.1	0	0	1	0
AT3G20630.1	0	0	0	0
AT3G23410.1	0	0	0	0
AT3G46780.1	1	1	1	0
AT3G51390.1	0	0	0	0
AT3G57610.1	0	0	0	0
AT4G12250.1	0	0	0	0
AT4G24280.1	0	0	0	0
AT4G24510.1	0	0	0	0
AT5G55120.1	1	1	0	0
AT4G32700.2	0	0	0	0
AT5G04600.1	0	0	0	0
AT5G08280.1	0	0	0	0
AT5G12040.1	0	0	0	1
AT5G12480.1	1	0	0	0
AT5G13400.1	0	0	0	0
AT5G14170.1	0	0	0	0
AT5G19780.1	0	0	0	0
AT5G20600.1	0	0	0	0
AT5G22880.1	0	0	0	0
AT5G26760.2	0	0	0	0
AT5G27120.1	0	0	0	0
AT5G27610.1	0	0	0	0
AT5G37830.1	1	0	0	0
AT5G40740.1	1	0	0	0
AT5G46280.1	0	0	0	0
AT5G58110.1	0	0	0	0
AT5G63120.2	0	0	0	0
ATCG00490.1	1	0	1	0
AT2G30980.1	0	0	0	0
AT1G01960.1	0	0	0	0
AT1G02730.1	0	0	0	1
AT1G02840.1	0	0	0	0
AT1G03590.1	0	0	0	0
AT1G04410.1	0	0	1	1
AT1G50010.1	0	0	0	0
AT1G06570.1	0	0	0	1
AT1G06660.1	0	0	0	0
AT1G07110.1	0	0	1	1
AT1G07705.2	1	0	0	0
AT2G28720.1	0	1	0	1
AT3G08590.2	1	0	1	1
AT1G10290.1	1	0	1	1
AT1G59610.1	1	0	0	1
AT1G12000.1	0	0	0	0
AT1G12360.1	1	0	0	0
AT1G12530.1	0	0	0	0
AT1G42970.1	0	0	0	0
AT1G12910.1	0	0	0	0
AT1G12930.1	0	0	0	1
AT1G13020.1	1	1	1	1
AT3G04120.1	1	1	0	0
AT1G14570.2	0	0	0	1
AT2G01910.1	0	0	0	0
AT1G15290.1	1	0	1	1
AT1G15340.1	1	0	0	0
AT1G15660.1	0	0	0	0
AT1G15690.1	0	0	0	0
AT1G15940.1	1	0	1	0
AT1G16860.1	1	1	1	1
AT1G17210.1	1	1	0	1
AT1G17260.1	1	1	1	1
AT1G18040.1	1	0	0	0
AT1G18190.1	1	0	1	1
AT1G18460.1	0	0	0	0
AT1G74160.1	1	0	1	0
AT1G18950.1	1	0	0	1
AT1G19450.1	0	0	0	1
AT1G19870.1	1	1	1	1
AT1G20110.1	1	0	1	1
AT1G20330.1	0	0	0	0
AT1G20440.1	1	1	1	0
AT1G20450.1	1	0	1	0
AT1G20670.1	0	0	1	1
AT1G20760.1	1	0	1	0
AT1G21170.1	0	0	1	0
AT1G21580.1	0	0	0	1
AT1G22620.1	1	0	0	1
AT1G35580.2	0	0	1	0
AT1G22770.1	1	0	0	0
AT1G23710.1	0	0	0	0
AT1G59900.1	0	0	0	1
AT1G24290.1	0	0	0	0
AT1G24300.1	0	1	0	0
AT1G26150.1	0	1	1	0
AT1G26190.1	0	0	0	0
AT1G26630.1	0	0	0	0
AT1G27100.1	0	0	0	0
AT1G27430.1	1	0	0	1
AT1G27595.1	1	0	0	0
AT1G27650.1	0	0	0	1
AT1G27850.1	1	0	1	1
AT1G28420.1	1	0	0	0
AT1G29350.1	0	0	0	0
AT1G29530.1	0	1	1	0
AT2G34420.1	1	1	0	0
AT1G31870.2	1	0	0	1
AT1G32400.3	0	0	0	0
AT1G32750.1	0	0	0	0
AT1G33680.1	0	0	0	0
AT1G36370.1	0	0	0	0
AT1G42550.1	1	1	1	1
AT1G43700.1	0	0	0	0
AT1G44910.1	1	0	0	0
AT3G56850.1	0	0	0	0
AT1G45688.1	0	0	1	0
AT1G47490.1	0	0	0	0
AT3G02880.1	1	1	1	0
AT1G48920.1	0	0	0	1
AT1G49040.1	1	1	0	1
AT5G09810.1	0	0	0	0
AT1G49580.1	0	0	0	0
AT1G49710.1	0	0	0	0
AT1G49730.1	0	0	0	0
AT1G49890.1	0	0	0	0
AT1G49950.3	0	0	0	0
AT1G50110.1	0	0	0	1
AT1G50120.1	0	0	0	0
AT1G50920.1	1	0	0	1
AT1G51500.1	0	1	1	1
AT1G51510.1	0	0	0	1
AT1G52780.1	0	0	1	0
AT1G53590.1	0	0	0	0
AT1G54270.1	1	0	0	0
AT1G54450.1	0	0	0	0
AT1G54490.1	0	0	0	0
AT3G13570.1	0	0	0	1
AT1G55620.2	1	0	1	0
AT1G55860.1	0	0	0	1
AT1G70320.1	1	0	0	0
AT1G56110.1	0	0	0	1
AT1G59820.1	0	0	0	0
AT1G59910.1	0	0	0	1
AT1G61690.1	0	0	0	0
AT1G62020.1	0	0	1	1
AT1G62330.1	0	0	0	0
AT1G64080.1	0	0	0	0
AT1G64370.1	1	0	1	1
AT1G66150.1	0	0	0	0
AT1G66750.1	0	0	0	0
AT1G67230.1	1	0	0	1
AT1G67930.1	0	0	0	0
AT1G69250.1	1	1	0	1
AT1G69410.1	0	0	0	1
AT1G69870.1	0	0	0	0
AT1G69980.1	1	0	0	0
AT1G70940.1	1	1	1	0
AT1G71010.1	0	0	0	0
AT1G72340.1	0	0	0	0
AT1G72790.1	0	1	0	0
AT1G73080.1	1	0	0	1
AT1G73590.1	0	0	0	0
AT1G74720.1	0	0	0	0
AT1G75100.1	1	1	1	0
AT1G75220.1	0	0	0	0
AT1G75660.1	0	0	1	0
AT1G76850.1	1	0	0	0
AT1G77180.2	0	1	0	0
AT1G77300.1	1	0	0	0
AT1G77680.1	0	0	0	0
AT1G78650.1	0	0	0	0
AT1G78880.1	1	1	1	1
AT1G80350.1	0	0	0	0
AT1G80930.1	1	0	0	0
AT2G01980.1	0	0	0	0
AT2G03150.1	1	1	1	0
AT2G03890.1	0	0	0	0
AT2G05710.1	0	1	0	1
AT2G13540.1	0	0	0	0
AT2G15900.1	0	0	0	0
AT2G16440.1	0	1	0	1
AT2G17870.1	1	0	0	0
AT2G17980.1	1	0	1	0
AT2G18790.1	0	0	0	0
AT2G18960.1	0	0	0	1
AT2G19520.1	0	0	0	0
AT2G19710.1	0	1	0	1
AT2G20190.1	1	1	0	0
AT2G21660.1	1	1	0	1
AT2G22840.1	0	1	0	1
AT2G24550.1	0	0	0	0
AT2G24590.1	0	0	0	0
AT2G25450.1	0	0	0	0
AT2G25540.1	0	0	0	0
AT2G26910.1	0	1	0	0
AT2G27100.1	0	0	0	0
AT2G27880.1	0	0	0	0
AT2G28390.1	1	0	0	1
AT2G29210.1	1	0	1	1
AT2G29970.1	0	0	0	0
AT2G31450.1	0	0	0	0
AT2G31820.1	0	0	1	0
AT2G32730.1	1	0	0	0
AT2G32765.1	0	0	0	0
AT2G32850.2	1	0	1	0
AT2G32910.1	1	0	1	0
AT2G32950.1	1	1	0	0
AT2G32980.1	0	1	1	0
AT2G33435.1	0	0	0	0
AT2G33990.1	0	0	1	0
AT2G34680.1	0	0	0	0
AT2G36380.1	1	0	0	0
AT2G36490.1	1	0	0	0
AT2G36850.1	0	1	0	1
AT2G36910.1	0	0	1	0
AT2G37050.3	0	0	0	0
AT2G37340.1	1	1	0	1
AT2G38280.2	1	0	0	0
AT2G38410.1	0	0	0	0
AT2G38440.1	1	0	1	0
AT2G38670.1	1	0	0	1
AT2G39260.1	0	0	0	0
AT2G39730.1	0	0	0	1
AT2G39810.1	0	1	0	0
AT2G41140.1	0	0	0	0
AT2G41840.1	1	0	0	0
AT3G58680.1	0	0	0	0
AT2G43650.1	1	1	0	0
AT2G43680.1	1	0	1	1
AT2G44200.1	1	0	0	0
AT2G45070.4	0	0	0	0
AT2G45140.1	1	1	0	1
AT2G45420.1	0	0	0	0
AT2G45790.1	0	0	0	0
AT2G45890.1	0	0	0	0
AT2G46180.1	1	0	0	0
AT2G46610.1	1	0	0	1
AT2G47330.1	0	0	0	0
AT2G47400.1	0	0	0	0
AT3G01460.1	0	0	1	1
AT3G02410.1	0	0	0	0
AT3G03050.1	1	0	0	0
AT3G04740.1	0	0	0	0
AT3G04930.1	0	0	0	0
AT3G04960.3	0	0	0	0
AT3G05060.1	0	0	0	0
AT3G05330.1	0	0	0	0
AT3G05420.2	1	1	0	1
AT3G05900.1	1	1	1	0
AT3G06010.1	1	0	0	1
AT3G06480.1	1	0	0	0
AT3G07660.1	1	1	1	0
AT3G07790.1	1	1	0	0
AT3G08020.1	1	0	0	0
AT3G08530.1	0	0	0	0
AT3G08850.1	0	0	0	1
AT3G09070.1	0	0	0	0
AT3G09670.2	1	0	0	0
AT3G09840.1	1	0	0	0
AT3G10380.1	1	0	1	0
AT3G10540.1	1	0	0	0
AT5G04870.1	1	1	0	0
AT3G10730.1	0	0	0	0
AT3G11820.1	1	1	0	0
AT3G12100.1	0	0	0	0
AT3G12480.1	0	0	0	0
AT3G12590.1	1	0	0	1
AT3G13060.2	0	0	0	0
AT3G13290.1	1	0	1	0
AT3G15120.1	0	0	0	0
AT3G15220.1	0	0	1	1
AT3G15450.1	0	1	0	0
AT3G16785.1	0	0	1	0
AT3G16830.1	0	0	0	0
AT3G18370.1	0	0	0	0
AT3G18770.1	1	0	0	0
AT3G18990.1	1	0	0	1
AT3G19100.1	1	0	0	0
AT3G19420.1	0	0	0	0
AT3G19770.1	1	0	0	0
AT3G19840.1	0	0	0	0
AT3G22110.1	0	1	1	1
AT3G23670.1	0	0	0	1
AT3G23920.1	0	0	0	0
AT3G25070.1	0	0	0	0
AT3G25500.1	1	1	0	1
AT3G25840.1	1	0	0	0
AT3G26400.1	1	0	1	1
AT3G26560.1	0	0	0	0
AT3G26780.1	0	0	1	0
AT3G27190.1	1	0	0	1
AT3G28860.1	1	0	0	0
AT3G45780.2	0	0	0	0
AT3G45830.1	0	0	1	1
AT3G46440.2	1	0	0	0
AT3G48430.1	1	0	0	1
AT3G48530.1	0	0	0	0
AT3G48710.1	1	0	0	0
AT3G48860.2	0	0	0	1
AT3G48890.1	0	0	1	0
AT3G48930.1	0	0	0	0
AT3G49250.1	1	0	0	1
AT3G49601.1	0	0	0	1
AT3G50670.1	1	0	0	1
AT3G51160.1	0	0	0	0
AT3G51550.1	1	0	0	0
AT3G51850.1	0	0	0	0
AT3G52930.1	0	0	0	1
AT3G53390.1	0	0	1	0
AT3G53500.2	0	0	0	0
AT3G55000.1	1	0	0	0
AT3G55270.1	0	0	0	0
AT3G55460.1	0	1	0	0
AT3G56150.2	0	0	0	0
AT3G57150.1	1	0	0	1
AT3G58580.1	0	0	0	0
AT3G59030.1	1	1	1	1
AT3G59550.1	1	0	0	0
AT3G60320.1	0	0	0	0
AT3G60440.1	0	0	0	0
AT3G60600.1	0	0	0	0
AT3G60770.1	0	0	0	0
AT3G61050.2	0	0	0	0
AT3G61480.1	1	0	0	1
AT3G61860.1	1	0	0	0
AT3G63070.1	1	0	0	0
AT4G00238.1	0	0	0	0
AT4G00752.1	0	0	0	0
AT4G03080.1	0	0	0	0
AT4G03250.1	0	0	0	0
AT4G03330.1	0	0	0	0
AT4G03550.1	0	0	0	1
AT4G04210.1	0	0	0	0
AT4G04340.3	0	0	0	0
AT4G06634.1	0	0	0	0
AT4G08350.1	0	1	0	0
AT4G09980.1	1	0	0	0
AT4G23460.1	0	0	0	0
AT4G11740.1	0	1	0	1
AT4G13350.2	1	0	1	1
AT4G13430.1	0	0	0	0
AT4G14230.1	1	0	1	0
AT4G14930.1	1	0	0	0
AT4G15180.1	1	0	0	0
AT4G15410.1	1	1	0	1
AT4G15545.1	1	0	1	1
AT4G15802.1	0	0	0	0
AT4G17720.1	0	0	0	1
AT4G17890.1	1	0	0	1
AT4G18820.1	0	0	0	0
AT4G19190.1	1	0	0	0
AT4G20400.1	0	0	0	1
AT4G20940.1	1	0	0	0
AT4G21670.1	1	0	0	0
AT4G21710.1	0	0	0	1
AT4G23650.1	1	0	1	0
AT4G24370.1	0	0	0	0
AT4G24630.1	0	0	0	0
AT4G25210.1	0	0	0	0
AT4G25500.4	1	0	0	0
AT4G25970.1	0	0	0	0
AT4G26455.1	1	0	1	0
AT4G26630.2	1	1	1	1
AT4G26760.1	0	0	0	0
AT4G26770.1	0	0	0	1
AT4G27060.1	0	0	0	0
AT4G27320.1	0	0	1	1
AT4G28080.1	1	0	1	0
AT4G28610.1	0	0	0	0
AT4G29380.1	0	1	0	0
AT4G29790.1	0	0	0	0
AT4G30480.2	1	0	0	0
AT4G30890.3	1	0	0	0
AT4G31160.1	0	0	0	0
AT5G10360.1	0	0	1	1
AT4G31700.1	1	0	1	1
AT4G31710.1	0	0	0	0
AT4G31880.1	0	0	0	1
AT4G32180.1	0	0	0	0
AT4G32410.1	1	1	1	0
AT4G33400.1	0	0	0	0
AT4G35230.1	0	0	0	0
AT4G35560.2	1	1	1	0
AT4G35730.1	0	0	0	0
AT4G35890.1	1	0	0	0
AT4G37050.1	1	0	0	1
AT4G38430.1	0	0	0	0
AT4G38630.1	1	0	0	0
AT4G38680.1	0	0	1	0
AT4G39330.1	1	0	0	0
AT5G01400.1	0	0	0	0
AT5G01450.1	0	0	0	0
AT5G02770.1	1	0	0	0
AT5G03280.1	0	1	0	1
AT5G04510.1	1	1	0	0
AT5G04930.1	0	0	1	0
AT5G04990.1	1	0	0	0
AT5G05170.1	1	1	1	0
AT5G05700.1	1	0	0	0
AT5G05760.1	1	0	0	1
AT5G06460.1	0	0	0	1
AT5G06910.1	0	0	0	0
AT5G08300.1	0	0	0	0
AT5G08390.1	1	0	0	1
AT5G64960.1	1	0	0	1
AT5G10470.2	1	1	0	0
AT5G11040.1	1	1	0	0
AT5G12350.1	1	1	0	1
AT5G12410.1	0	0	0	0
AT5G12430.1	0	0	0	0
AT5G12900.1	1	0	0	0
AT5G13010.1	1	0	0	0
AT5G13020.1	0	0	0	0
AT5G13300.1	0	0	0	0
AT5G14620.1	0	0	1	1
AT5G15200.1	0	0	0	0
AT5G15680.1	0	0	0	0
AT5G16210.1	0	0	0	0
AT5G16300.1	1	0	0	0
AT5G16910.1	0	0	0	1
AT5G17980.1	0	0	0	1
AT5G19310.1	0	0	0	0
AT5G19390.2	1	0	1	0
AT5G20280.1	1	0	1	1
AT5G20350.1	0	0	0	0
AT5G20490.1	0	0	0	0
AT5G21010.1	0	0	0	0
AT5G22360.1	0	0	0	0
AT5G22650.1	0	0	0	0
AT5G23060.1	0	0	1	0
AT5G23910.1	0	0	0	0
AT5G24890.1	0	0	0	0
AT5G25270.1	0	0	0	1
AT5G26860.1	0	0	0	0
AT5G35430.1	0	0	0	0
AT5G35550.1	0	0	0	0
AT5G35670.1	1	1	0	0
AT5G35980.1	1	0	0	0
AT5G36880.2	0	0	0	0
AT5G37370.1	0	0	0	1
AT5G38600.1	0	0	0	0
AT5G38640.1	1	0	0	0
AT5G39320.1	1	1	1	0
AT5G40480.1	0	0	0	0
AT5G41600.1	1	0	0	0
AT5G42750.1	0	0	0	0
AT5G42950.1	1	1	0	1
AT5G44030.1	0	1	1	1
AT5G44090.1	0	0	0	0
AT5G44800.1	0	0	0	0
AT5G46070.1	0	0	0	0
AT5G46400.1	0	0	0	0
AT5G46750.1	1	0	0	0
AT5G47010.1	0	0	0	0
AT5G47070.1	0	0	0	0
AT5G47210.1	1	0	0	0
AT5G47480.1	1	0	0	1
AT5G47910.1	0	0	0	0
AT5G49890.1	0	0	0	1
AT5G50380.1	1	0	0	0
AT5G50420.1	0	0	0	0
AT5G51600.1	0	0	0	0
AT5G52310.1	1	0	1	0
AT5G52430.1	0	0	0	0
AT5G53060.1	0	0	0	0
AT5G53330.1	0	1	0	1
AT5G53560.1	0	0	0	0
AT5G54310.1	0	0	0	1
AT5G54930.1	0	0	0	0
AT5G55660.1	0	0	0	1
AT5G56890.1	0	0	0	0
AT5G57610.1	0	0	0	0
AT5G57870.1	0	0	0	0
AT5G58220.1	0	0	0	0
AT5G58440.1	0	0	0	0
AT5G58510.1	0	0	0	0
AT5G59210.1	0	0	0	0
AT5G59220.1	0	0	0	0
AT5G61150.1	1	0	0	0
AT5G62550.1	0	0	0	1
AT5G63190.2	1	0	0	0
AT5G64200.2	1	1	0	1
AT5G65950.1	0	0	0	0
AT5G66850.1	0	1	0	0
AT5G67270.1	0	0	0	0
AT1G18370.1	0	0	0	1
AT1G20970.1	0	0	0	0
AT1G53500.1	1	0	0	1
AT2G13610.1	0	0	0	0
AT2G26430.1	0	0	0	0
AT3G24010.1	0	0	0	0
AT3G47070.1	1	1	1	1
AT4G24400.1	0	0	0	0
AT4G36750.1	1	0	1	1
AT5G01530.1	1	0	1	0
AT5G13760.1	0	0	0	0
AT5G28740.1	0	0	0	0
AT5G62440.1	0	0	0	0
AT5G64270.1	0	1	0	0
ATCG00710.1	1	0	0	0
